Шкаева Мария
Алгебра: 5, 5, 2
Биология: 2, 2
Труд: 4, 5, 2, 4, 3
Физкультура: 4, 2, 4
Информатика: 3, 2, 4, 5

Авдеев Ростислав
Алгебра: 4, 4, 2, 2, 5, 3
Биология: 3, 2
Труд: 3, 5, 3, 4, 2, 3
Физкультура: 5, 4, 3
Информатика: 3, 2, 3, 5

Азатов Изяслав
Алгебра: 5, 5, 3, 5, 2, 4
Биология: 3, 4, 2, 5, 2, 4
Труд: 5, 5
Физкультура: 3
Информатика: 4, 5, 3, 4, 4

Айнуров Радий
Алгебра: 2
Биология: 2, 4, 4, 4, 3
Труд: 3
Физкультура: 3
Информатика: 2, 5, 3, 2, 5, 3

Вальдемаров Джозеф
Алгебра: 5, 3, 5, 2, 5
Биология: 4, 5, 3, 3, 3, 4
Труд: 3, 4, 4, 5, 2, 4
Физкультура: 4, 5, 2, 4, 5
Информатика: 4, 2, 4, 4, 4, 5

Владленовa Венера
Алгебра: 2, 3, 5, 3, 3
Биология: 3, 3, 3, 5
Труд: 5, 4, 3, 5, 3, 4
Физкультура: 4, 2, 4, 4
Информатика: 2, 5, 3

Гамлетовa Агата
Алгебра: 5
Биология: 4
Труд: 3
Физкультура: 5, 2, 4, 2, 2, 3
Информатика: 5, 4, 4, 5

Геннадиевa Лиана
Алгебра: 4, 5, 4, 2, 3
Биология: 5, 5
Труд: 4, 4, 2, 3, 2, 3
Физкультура: 4, 4, 2
Информатика: 3, 5, 4, 3, 4, 2

Гориславов Влад
Алгебра: 5
Биология: 2, 5, 4, 4, 5
Труд: 5, 2, 3, 2, 4
Физкультура: 3
Информатика: 3, 3, 5, 5, 5

Дамировa Маргарита
Алгебра: 4, 3, 3, 5, 2, 2
Биология: 5
Труд: 2, 2
Физкультура: 5
Информатика: 2, 3, 5

Дановa Устина
Алгебра: 2
Биология: 3, 4
Труд: 4, 5, 2
Физкультура: 4
Информатика: 2, 2, 5

Дорофеев Адольф
Алгебра: 4
Биология: 5
Труд: 5
Физкультура: 4, 5, 2, 3, 2
Информатика: 2

Евдокимовa Рогнеда
Алгебра: 2, 3, 5, 3, 5
Биология: 3, 2
Труд: 5, 3, 2, 4, 5
Физкультура: 4, 4, 2, 4, 5
Информатика: 2, 2

Ефимов Самуил
Алгебра: 3, 2, 2, 3, 2
Биология: 4, 5, 3, 3, 4, 4
Труд: 3, 5, 3, 3, 4
Физкультура: 4, 4, 3, 5
Информатика: 5

Жоржовa Фекла
Алгебра: 3
Биология: 3, 2, 5, 5
Труд: 5, 3, 2, 4, 4
Физкультура: 2, 4, 5
Информатика: 5, 4, 4

Измаилов Юлий
Алгебра: 4, 2, 5, 5, 3, 2
Биология: 2, 4, 5
Труд: 3
Физкультура: 2, 5, 4, 3, 2
Информатика: 4, 3, 2

Ильяов Лука
Алгебра: 4, 2, 3, 5
Биология: 2
Труд: 3, 2, 3
Физкультура: 3, 5, 5, 4
Информатика: 2

Ипполитов Клемент
Алгебра: 2, 5, 5, 2
Биология: 2
Труд: 2, 2, 3
Физкультура: 2, 3
Информатика: 5, 5, 2

Казимиров Яков
Алгебра: 2
Биология: 2, 4, 2, 3, 5, 2
Труд: 5, 2, 3, 2, 4
Физкультура: 2
Информатика: 2, 3, 2, 3, 2

Люциевa Мия
Алгебра: 3, 4, 4, 2, 5
Биология: 4
Труд: 5, 3, 5, 5, 3
Физкультура: 4, 5, 4, 5
Информатика: 4, 2

Макариев Роберт
Алгебра: 5, 4, 3, 5
Биология: 3, 4, 5, 4, 4
Труд: 4, 4, 4, 2, 3
Физкультура: 2, 4, 3, 2, 3, 4
Информатика: 2, 5, 2

Мефодиевa Эдда
Алгебра: 4, 2, 5, 4
Биология: 3, 3, 5
Труд: 2
Физкультура: 5
Информатика: 4, 3, 2

Митяовa Христина
Алгебра: 3, 5, 3, 2, 5, 4
Биология: 5, 3
Труд: 4, 5, 4, 3
Физкультура: 3
Информатика: 5, 2, 2

Никонов Бонифаций
Алгебра: 2, 3, 3, 2, 5, 3
Биология: 4, 5, 5
Труд: 5, 4, 5, 2, 2, 3
Физкультура: 4, 3, 5, 5
Информатика: 5

Ричардов Бруно
Алгебра: 5, 2, 5
Биология: 3, 4, 5
Труд: 3, 4, 5, 3
Физкультура: 5, 4, 3, 3
Информатика: 5, 4, 2, 3, 5

Самираов Инокентий
Алгебра: 5, 3, 2, 5, 5, 2
Биология: 4, 4, 2, 4
Труд: 3, 2, 3, 3, 5, 5
Физкультура: 4
Информатика: 4, 2, 2, 2, 3, 2

Сократовa Зоя
Алгебра: 2, 3, 4
Биология: 2, 3, 2, 3, 3, 2
Труд: 3, 4, 4
Физкультура: 2, 4, 3, 4
Информатика: 5, 2, 5, 3

Станиславов Геннадий
Алгебра: 2, 4, 3, 5, 5
Биология: 3, 2, 4, 3, 3
Труд: 3, 2, 3, 4, 4
Физкультура: 3, 3, 5
Информатика: 5, 5

Трифонов Бруно
Алгебра: 4, 3, 2, 4
Биология: 4, 2
Труд: 2, 2, 2, 5, 2, 5
Физкультура: 5, 5, 3
Информатика: 3, 2

Эммануилов Гавриил
Алгебра: 2, 3, 2, 2, 3
Биология: 2, 2, 5, 2, 5
Труд: 5, 2, 2, 4, 3, 5
Физкультура: 2, 3
Информатика: 3, 4, 2

Юлиев Захар
Алгебра: 2, 2
Биология: 3, 4, 3, 5, 5
Труд: 5
Физкультура: 4, 5, 5, 4, 4, 5
Информатика: 4, 5, 5, 2, 4, 4
